Time,MOEX,LKOH,SBER,GAZP,NVTK,GMKN,ROSN,YNDX,TATN,SNGSP
14.06.2019,10:04:21,273975.000000,5190.000000,240.890000,234.010000,1305.000000,14602.000000,415.100000,2482.000000,766.100000,41.110000
14.06.2019,10:05:22,274125.000000,5194.500000,241.110000,234.150000,1308.400000,14600.000000,415.850000,2483.400000,765.600000,41.165000
14.06.2019,10:06:22,274375.000000,5199.000000,241.200000,234.420000,1312.600000,14590.000000,416.450000,2482.800000,767.800000,41.150000
14.06.2019,10:07:22,274475.000000,5200.500000,241.250000,234.420000,1321.000000,14614.000000,416.300000,2485.200000,767.800000,41.155000
14.06.2019,10:08:22,274500.000000,5204.500000,241.190000,234.600000,1321.400000,14620.000000,416.000000,2484.200000,766.400000,41.150000
14.06.2019,10:09:21,274775.000000,5213.500000,241.100000,234.840000,1320.400000,14652.000000,416.600000,2481.600000,768.600000,41.185000
14.06.2019,10:10:22,274775.000000,5212.000000,241.150000,234.480000,1320.800000,14676.000000,416.050000,2485.600000,768.400000,41.155000
14.06.2019,10:11:21,274725.000000,5212.500000,241.220000,234.630000,1317.200000,14696.000000,415.950000,2487.600000,767.600000,41.155000
14.06.2019,10:12:22,274825.000000,5212.000000,241.450000,234.820000,1313.600000,14686.000000,415.800000,2488.600000,768.500000,41.170000
14.06.2019,10:13:22,274950.000000,5210.000000,242.000000,234.760000,1313.000000,14686.000000,415.500000,2486.400000,769.200000,41.170000
14.06.2019,10:14:22,275150.000000,5212.000000,242.800000,235.000000,1312.000000,14680.000000,415.400000,2486.000000,769.400000,41.180000
14.06.2019,10:15:22,275200.000000,5216.500000,242.700000,235.180000,1308.800000,14688.000000,415.300000,2487.600000,770.800000,41.170000
14.06.2019,10:16:22,275050.000000,5215.000000,242.140000,234.740000,1308.600000,14674.000000,415.200000,2489.400000,771.300000,41.155000
14.06.2019,10:17:22,275000.000000,5217.500000,242.520000,235.020000,1308.400000,14666.000000,415.250000,2491.600000,771.400000,41.170000
14.06.2019,10:18:22,275000.000000,5217.500000,242.370000,234.840000,1308.400000,14654.000000,415.350000,2489.400000,772.100000,41.155000
14.06.2019,10:19:22,274900.000000,5217.500000,242.000000,234.550000,1311.600000,14644.000000,415.550000,2486.000000,770.900000,41.110000
14.06.2019,10:20:22,274875.000000,5214.000000,241.980000,234.700000,1312.000000,14650.000000,415.600000,2486.000000,770.700000,41.130000
14.06.2019,10:21:22,274900.000000,5214.000000,241.900000,234.700000,1311.600000,14682.000000,415.400000,2486.000000,771.400000,41.135000
14.06.2019,10:22:22,274775.000000,5211.500000,241.890000,234.430000,1309.400000,14684.000000,415.200000,2485.200000,771.300000,41.130000
14.06.2019,10:23:22,274875.000000,5213.500000,242.260000,234.640000,1310.600000,14684.000000,415.350000,2487.000000,772.900000,41.155000
14.06.2019,10:24:22,274825.000000,5211.000000,242.120000,234.500000,1309.000000,14672.000000,415.200000,2487.800000,772.000000,41.160000
14.06.2019,10:25:22,274925.000000,5207.500000,242.330000,234.530000,1312.000000,14684.000000,415.100000,2488.000000,772.300000,41.180000
14.06.2019,10:26:22,274950.000000,5209.500000,242.310000,234.260000,1310.800000,14696.000000,415.200000,2484.400000,772.600000,41.155000
14.06.2019,10:27:22,275075.000000,5209.500000,242.480000,234.400000,1312.000000,14720.000000,415.200000,2482.600000,772.600000,41.160000
14.06.2019,10:28:22,275150.000000,5211.500000,242.590000,234.340000,1311.400000,14720.000000,415.300000,2482.200000,773.500000,41.170000
14.06.2019,10:29:23,274850.000000,5207.500000,242.300000,234.000000,1311.200000,14682.000000,415.250000,2481.200000,773.100000,41.145000
14.06.2019,10:30:22,274925.000000,5209.000000,242.290000,234.040000,1309.400000,14672.000000,415.300000,2481.200000,772.600000,41.125000
14.06.2019,10:31:22,274925.000000,5208.000000,242.340000,234.000000,1311.200000,14680.000000,415.550000,2484.000000,772.800000,41.150000
14.06.2019,10:32:22,274950.000000,5208.000000,242.480000,233.840000,1311.200000,14688.000000,415.550000,2482.000000,771.400000,41.180000
14.06.2019,10:33:23,274825.000000,5208.500000,242.810000,233.950000,1311.000000,14690.000000,415.650000,2480.200000,770.100000,41.175000
14.06.2019,10:34:23,274800.000000,5211.000000,242.700000,234.030000,1310.000000,14692.000000,415.550000,2475.400000,770.500000,41.160000
14.06.2019,10:35:22,274875.000000,5212.000000,242.820000,233.980000,1310.800000,14698.000000,415.800000,2476.200000,770.200000,41.160000
14.06.2019,10:36:23,274950.000000,5208.500000,242.750000,234.110000,1310.200000,14692.000000,415.650000,2477.600000,770.600000,41.160000
14.06.2019,10:37:22,274975.000000,5210.500000,242.770000,234.350000,1311.000000,14692.000000,415.700000,2476.800000,771.100000,41.160000
14.06.2019,10:38:23,275000.000000,5208.500000,242.580000,234.280000,1311.600000,14702.000000,415.600000,2477.200000,771.600000,41.175000
14.06.2019,10:39:23,274975.000000,5208.500000,242.490000,234.370000,1311.200000,14698.000000,415.300000,2477.400000,771.600000,41.190000
14.06.2019,10:40:23,274775.000000,5208.500000,242.300000,234.190000,1309.200000,14676.000000,415.350000,2475.800000,770.900000,41.130000
14.06.2019,10:41:23,274850.000000,5210.500000,242.210000,234.180000,1309.200000,14680.000000,415.300000,2475.000000,771.300000,41.160000
14.06.2019,10:42:23,274800.000000,5210.000000,242.100000,234.230000,1309.800000,14676.000000,415.150000,2476.800000,771.000000,41.175000
14.06.2019,10:43:23,274825.000000,5211.000000,242.000000,234.270000,1309.800000,14670.000000,415.000000,2477.600000,771.300000,41.155000
14.06.2019,10:44:23,274775.000000,5210.500000,241.980000,234.190000,1309.400000,14666.000000,414.550000,2477.600000,770.700000,41.160000
14.06.2019,10:45:23,274800.000000,5210.500000,242.040000,234.240000,1310.600000,14662.000000,414.850000,2478.000000,769.200000,41.160000
14.06.2019,10:46:23,274550.000000,5208.500000,241.460000,233.780000,1309.200000,14646.000000,414.550000,2476.800000,768.500000,41.130000
14.06.2019,10:47:23,274500.000000,5209.500000,241.290000,233.950000,1309.200000,14634.000000,414.500000,2475.000000,768.800000,41.135000
14.06.2019,10:48:23,274600.000000,5209.000000,241.590000,234.140000,1308.000000,14648.000000,414.250000,2475.000000,770.300000,41.130000
14.06.2019,10:49:23,274600.000000,5210.000000,241.560000,234.030000,1309.200000,14656.000000,414.350000,2477.000000,770.700000,41.170000
14.06.2019,10:50:23,274750.000000,5213.000000,241.730000,234.030000,1309.400000,14662.000000,414.300000,2475.600000,770.500000,41.150000
14.06.2019,10:51:23,274875.000000,5215.000000,241.850000,234.190000,1310.200000,14670.000000,414.700000,2477.800000,771.000000,41.190000
14.06.2019,10:52:23,274825.000000,5215.000000,241.570000,234.250000,1311.600000,14674.000000,415.100000,2477.800000,770.800000,41.190000
14.06.2019,10:53:23,274800.000000,5212.000000,241.500000,234.230000,1309.600000,14676.000000,414.800000,2477.800000,770.700000,41.190000
14.06.2019,10:54:23,274850.000000,5212.500000,241.720000,234.310000,1310.200000,14674.000000,415.100000,2477.800000,770.700000,41.215000
14.06.2019,10:55:23,274950.000000,5214.500000,241.680000,234.380000,1310.200000,14680.000000,415.200000,2477.600000,770.700000,41.215000
14.06.2019,10:56:23,275250.000000,5219.500000,242.360000,234.630000,1311.800000,14708.000000,415.050000,2478.000000,771.200000,41.215000
14.06.2019,10:57:23,275400.000000,5221.500000,242.510000,234.730000,1311.800000,14698.000000,415.050000,2478.000000,771.500000,41.300000
14.06.2019,10:58:23,275350.000000,5224.000000,242.340000,234.730000,1311.800000,14700.000000,415.000000,2478.000000,770.900000,41.315000
14.06.2019,10:59:23,275350.000000,5223.000000,242.490000,234.580000,1311.000000,14700.000000,414.750000,2478.000000,768.800000,41.295000
14.06.2019,11:00:23,275250.000000,5220.500000,242.140000,234.680000,1310.200000,14700.000000,415.800000,2478.000000,768.100000,41.295000
14.06.2019,11:01:23,275375.000000,5224.500000,242.380000,234.640000,1311.600000,14706.000000,415.600000,2483.000000,769.000000,41.300000
14.06.2019,11:02:23,275575.000000,5228.500000,242.750000,234.700000,1312.000000,14718.000000,415.450000,2485.400000,769.900000,41.315000
14.06.2019,11:03:23,275650.000000,5234.000000,242.790000,234.900000,1312.000000,14718.000000,415.450000,2489.800000,769.400000,41.315000
14.06.2019,11:04:24,275525.000000,5231.000000,242.700000,234.750000,1312.000000,14702.000000,414.900000,2489.800000,768.800000,41.315000
14.06.2019,11:05:24,275450.000000,5232.500000,242.550000,234.750000,1312.000000,14694.000000,415.000000,2486.200000,768.800000,41.315000
14.06.2019,11:06:24,275475.000000,5231.000000,242.910000,234.830000,1311.600000,14698.000000,414.900000,2488.600000,768.100000,41.330000
14.06.2019,11:07:24,275750.000000,5232.500000,243.660000,235.000000,1311.000000,14706.000000,414.950000,2489.200000,768.800000,41.360000
14.06.2019,11:08:24,275825.000000,5235.000000,243.680000,235.000000,1311.600000,14696.000000,414.850000,2489.200000,769.600000,41.360000
14.06.2019,11:09:24,275775.000000,5236.000000,243.680000,234.950000,1310.000000,14710.000000,414.700000,2489.800000,769.000000,41.355000
14.06.2019,11:10:24,275800.000000,5235.500000,243.500000,234.890000,1311.400000,14712.000000,414.750000,2489.800000,767.500000,41.350000
14.06.2019,11:11:24,275825.000000,5235.000000,243.580000,234.920000,1311.400000,14708.000000,414.600000,2486.600000,767.500000,41.375000
14.06.2019,11:12:24,275850.000000,5236.000000,243.790000,235.050000,1311.800000,14716.000000,414.400000,2490.800000,768.400000,41.395000
14.06.2019,11:13:24,276025.000000,5235.000000,243.770000,235.330000,1312.000000,14716.000000,414.650000,2493.400000,769.300000,41.420000
14.06.2019,11:14:24,276050.000000,5234.500000,243.800000,235.120000,1311.800000,14718.000000,414.800000,2493.400000,769.300000,41.425000
14.06.2019,11:15:24,276050.000000,5231.000000,243.640000,235.300000,1312.000000,14718.000000,414.600000,2494.800000,769.500000,41.440000
14.06.2019,11:16:24,276025.000000,5232.000000,243.580000,235.350000,1311.800000,14720.000000,414.500000,2494.200000,769.800000,41.415000
14.06.2019,11:17:24,276025.000000,5234.000000,243.520000,235.320000,1312.000000,14704.000000,414.600000,2496.000000,769.500000,41.440000
14.06.2019,11:18:24,275875.000000,5229.500000,243.350000,235.210000,1312.000000,14706.000000,414.350000,2496.600000,770.200000,41.430000
14.06.2019,11:19:24,275700.000000,5225.000000,243.260000,234.810000,1312.800000,14692.000000,414.200000,2496.600000,769.600000,41.415000
14.06.2019,11:20:24,275700.000000,5225.000000,243.250000,234.930000,1313.000000,14694.000000,413.600000,2496.200000,769.800000,41.415000
14.06.2019,11:21:24,275750.000000,5230.000000,243.170000,234.840000,1314.000000,14704.000000,413.700000,2493.600000,769.400000,41.435000
14.06.2019,11:22:24,275775.000000,5230.000000,243.150000,234.980000,1314.400000,14696.000000,413.650000,2494.200000,769.900000,41.410000
14.06.2019,11:23:24,275775.000000,5228.000000,243.150000,234.860000,1314.600000,14696.000000,413.750000,2495.800000,769.200000,41.375000
14.06.2019,11:24:24,275750.000000,5225.000000,243.160000,234.980000,1315.000000,14700.000000,413.800000,2495.800000,767.900000,41.390000
14.06.2019,11:25:24,275800.000000,5228.500000,243.270000,234.890000,1315.000000,14698.000000,413.650000,2495.800000,768.900000,41.410000
14.06.2019,11:26:24,275775.000000,5227.000000,243.150000,234.540000,1315.000000,14696.000000,413.700000,2495.800000,769.100000,41.370000
14.06.2019,11:27:24,275850.000000,5230.000000,243.320000,235.100000,1317.000000,14708.000000,413.950000,2495.600000,769.700000,41.420000
14.06.2019,11:28:24,276000.000000,5230.000000,243.440000,235.100000,1316.200000,14716.000000,413.950000,2494.200000,769.700000,41.420000
14.06.2019,11:29:24,276025.000000,5228.500000,243.460000,235.070000,1315.400000,14716.000000,414.000000,2498.000000,766.900000,41.415000
14.06.2019,11:30:24,276025.000000,5228.000000,243.410000,235.210000,1314.600000,14706.000000,414.100000,2496.000000,767.000000,41.405000
14.06.2019,11:31:24,275875.000000,5229.000000,243.270000,235.150000,1314.000000,14708.000000,414.000000,2498.800000,766.800000,41.405000
14.06.2019,11:32:25,275900.000000,5230.000000,243.460000,235.200000,1314.000000,14710.000000,414.200000,2499.400000,767.200000,41.430000
14.06.2019,11:33:25,275950.000000,5229.500000,243.360000,235.060000,1314.000000,14708.000000,414.350000,2499.400000,766.500000,41.440000
14.06.2019,11:34:24,275900.000000,5228.000000,243.330000,235.120000,1314.000000,14710.000000,414.250000,2498.200000,766.800000,41.425000
14.06.2019,11:35:24,275875.000000,5229.500000,243.190000,235.030000,1314.000000,14712.000000,414.200000,2497.600000,766.300000,41.390000
14.06.2019,11:36:25,275800.000000,5230.000000,243.150000,234.980000,1313.600000,14708.000000,414.200000,2499.200000,767.200000,41.395000
14.06.2019,11:37:25,275800.000000,5229.500000,243.130000,234.970000,1313.600000,14708.000000,414.250000,2498.600000,767.500000,41.405000
14.06.2019,11:38:25,275700.000000,5229.500000,242.970000,234.860000,1312.000000,14704.000000,414.000000,2497.200000,767.100000,41.385000
14.06.2019,11:39:25,275700.000000,5226.000000,242.900000,234.960000,1312.400000,14700.000000,414.000000,2497.400000,766.900000,41.385000
14.06.2019,11:40:25,275725.000000,5227.500000,242.850000,234.960000,1312.600000,14710.000000,414.000000,2499.000000,767.500000,41.385000
14.06.2019,11:41:25,275800.000000,5228.000000,243.050000,234.990000,1313.000000,14704.000000,413.950000,2496.000000,767.400000,41.365000
14.06.2019,11:42:25,275775.000000,5226.000000,242.940000,234.970000,1313.000000,14698.000000,413.800000,2497.200000,767.700000,41.395000
14.06.2019,11:43:25,275725.000000,5226.000000,242.740000,235.050000,1314.200000,14706.000000,413.850000,2497.800000,767.700000,41.370000
14.06.2019,11:44:25,275725.000000,5227.000000,242.900000,234.960000,1314.600000,14708.000000,413.850000,2497.600000,768.000000,41.385000
14.06.2019,11:45:25,275750.000000,5226.500000,242.750000,235.000000,1314.800000,14710.000000,413.850000,2497.600000,767.300000,41.385000
14.06.2019,11:46:25,275700.000000,5226.500000,242.760000,235.030000,1314.200000,14708.000000,413.800000,2497.000000,767.300000,41.360000
14.06.2019,11:47:25,275675.000000,5224.500000,242.780000,235.040000,1315.000000,14706.000000,413.700000,2497.800000,768.100000,41.380000
14.06.2019,11:48:26,275725.000000,5224.500000,242.880000,235.100000,1315.000000,14712.000000,413.800000,2498.000000,768.100000,41.385000
14.06.2019,11:49:25,275800.000000,5225.000000,242.970000,235.150000,1315.000000,14718.000000,413.950000,2499.400000,768.500000,41.385000
14.06.2019,11:50:25,275800.000000,5224.500000,242.810000,235.140000,1315.400000,14720.000000,413.950000,2499.000000,769.100000,41.365000
14.06.2019,11:51:25,275800.000000,5224.500000,242.860000,235.180000,1317.000000,14724.000000,413.950000,2498.800000,768.900000,41.365000
14.06.2019,11:52:25,275775.000000,5225.000000,242.900000,235.190000,1316.200000,14720.000000,413.900000,2496.000000,769.200000,41.375000
14.06.2019,11:53:25,275675.000000,5225.000000,242.770000,235.040000,1315.200000,14710.000000,413.800000,2494.800000,768.900000,41.380000
14.06.2019,11:54:25,275550.000000,5224.500000,242.740000,234.900000,1314.000000,14712.000000,413.550000,2494.800000,768.400000,41.380000
14.06.2019,11:55:25,275500.000000,5223.500000,242.630000,234.870000,1314.000000,14702.000000,413.500000,2494.000000,768.300000,41.375000
14.06.2019,11:56:25,275400.000000,5219.500000,242.300000,234.730000,1314.000000,14694.000000,413.500000,2494.200000,768.500000,41.380000
14.06.2019,11:57:25,275350.000000,5217.000000,242.250000,234.810000,1313.600000,14700.000000,413.500000,2492.400000,768.000000,41.375000
14.06.2019,11:58:25,275075.000000,5212.500000,241.750000,234.670000,1311.400000,14698.000000,413.050000,2490.000000,767.100000,41.375000
14.06.2019,11:59:25,275150.000000,5212.500000,241.920000,234.730000,1312.000000,14698.000000,413.100000,2489.800000,767.500000,41.365000
14.06.2019,12:00:25,275075.000000,5210.500000,241.770000,234.750000,1311.000000,14704.000000,413.000000,2489.000000,767.500000,41.370000
14.06.2019,12:01:25,275350.000000,5216.500000,242.000000,234.950000,1312.200000,14726.000000,413.000000,2494.600000,768.000000,41.380000
14.06.2019,12:02:25,275350.000000,5215.500000,241.820000,234.850000,1312.200000,14722.000000,413.000000,2494.800000,768.700000,41.380000
14.06.2019,12:03:25,275300.000000,5213.000000,241.990000,234.880000,1313.400000,14718.000000,413.000000,2494.800000,768.300000,41.380000
14.06.2019,12:04:26,275325.000000,5212.500000,241.950000,234.830000,1313.800000,14714.000000,413.000000,2494.800000,768.300000,41.365000
14.06.2019,12:05:26,275350.000000,5215.000000,242.100000,234.870000,1316.000000,14724.000000,413.000000,2497.000000,769.000000,41.375000
14.06.2019,12:06:26,275275.000000,5214.500000,242.000000,234.810000,1314.600000,14712.000000,412.900000,2494.400000,769.100000,41.375000
14.06.2019,12:07:26,275150.000000,5210.000000,241.800000,234.560000,1313.600000,14708.000000,412.900000,2494.400000,768.400000,41.370000
14.06.2019,12:08:26,275050.000000,5208.000000,241.810000,234.540000,1313.400000,14704.000000,412.850000,2495.000000,767.500000,41.375000
14.06.2019,12:09:26,274850.000000,5200.500000,241.680000,234.270000,1312.000000,14702.000000,412.650000,2487.200000,766.900000,41.355000
14.06.2019,12:10:26,274875.000000,5205.500000,241.600000,234.350000,1311.200000,14702.000000,412.500000,2487.200000,767.000000,41.375000
14.06.2019,12:11:26,274900.000000,5206.500000,241.500000,234.320000,1312.000000,14704.000000,412.500000,2487.000000,767.600000,41.375000
14.06.2019,12:12:26,274950.000000,5205.000000,241.600000,234.480000,1311.800000,14710.000000,412.350000,2488.000000,767.500000,41.360000
14.06.2019,12:13:26,274950.000000,5207.000000,241.700000,234.380000,1312.800000,14704.000000,412.400000,2487.000000,767.100000,41.370000
14.06.2019,12:14:26,274925.000000,5206.500000,241.720000,234.410000,1312.800000,14700.000000,412.350000,2488.000000,767.000000,41.360000
14.06.2019,12:15:26,275125.000000,5214.500000,241.900000,234.400000,1312.800000,14700.000000,412.500000,2492.200000,767.800000,41.370000
14.06.2019,12:16:26,275075.000000,5214.000000,241.810000,234.320000,1313.000000,14698.000000,412.650000,2492.000000,767.400000,41.370000
14.06.2019,12:17:26,275000.000000,5211.500000,241.510000,234.340000,1312.200000,14692.000000,412.600000,2492.000000,766.800000,41.370000
14.06.2019,12:18:26,275025.000000,5212.000000,241.700000,234.440000,1312.400000,14694.000000,412.550000,2492.000000,766.800000,41.370000
14.06.2019,12:19:26,275050.000000,5212.000000,241.900000,234.410000,1312.600000,14698.000000,412.650000,2490.200000,767.100000,41.370000
14.06.2019,12:20:26,275075.000000,5210.000000,241.850000,234.420000,1313.200000,14698.000000,412.650000,2490.400000,766.900000,41.370000
14.06.2019,12:21:26,275000.000000,5208.500000,241.680000,234.300000,1313.400000,14692.000000,412.550000,2488.600000,766.700000,41.370000
14.06.2019,12:22:26,274900.000000,5210.000000,241.600000,234.380000,1313.200000,14698.000000,412.400000,2488.000000,766.400000,41.350000
14.06.2019,12:23:26,274950.000000,5210.000000,241.560000,234.430000,1312.800000,14714.000000,412.350000,2488.400000,766.700000,41.360000
14.06.2019,12:24:26,275025.000000,5210.000000,241.670000,234.440000,1313.400000,14718.000000,412.350000,2489.800000,766.800000,41.360000
14.06.2019,12:25:26,274825.000000,5205.500000,241.600000,234.400000,1313.400000,14710.000000,412.300000,2488.000000,765.900000,41.360000
14.06.2019,12:26:26,274850.000000,5207.000000,241.430000,234.360000,1313.200000,14708.000000,412.500000,2488.000000,765.800000,41.370000
14.06.2019,12:27:26,274625.000000,5203.500000,240.850000,234.180000,1312.000000,14704.000000,412.300000,2488.200000,765.600000,41.360000
14.06.2019,12:28:26,274450.000000,5200.000000,240.680000,234.060000,1310.200000,14706.000000,412.200000,2485.800000,765.800000,41.350000
14.06.2019,12:29:27,274475.000000,5201.500000,240.420000,234.140000,1310.200000,14708.000000,412.250000,2484.200000,766.300000,41.320000
14.06.2019,12:30:26,274350.000000,5201.000000,240.010000,234.100000,1310.400000,14714.000000,412.200000,2484.200000,766.400000,41.325000
14.06.2019,12:31:26,274300.000000,5200.000000,239.900000,234.060000,1310.400000,14704.000000,412.100000,2482.400000,765.700000,41.300000
14.06.2019,12:32:27,274350.000000,5202.000000,239.980000,234.080000,1310.600000,14700.000000,412.150000,2482.400000,766.100000,41.295000
14.06.2019,12:33:27,274450.000000,5202.000000,240.130000,234.150000,1311.000000,14704.000000,412.050000,2484.400000,767.200000,41.295000
14.06.2019,12:34:27,274450.000000,5206.000000,239.920000,234.230000,1310.400000,14702.000000,412.200000,2485.000000,767.100000,41.315000
14.06.2019,12:35:27,274525.000000,5206.500000,239.950000,234.260000,1311.200000,14702.000000,412.250000,2485.000000,767.000000,41.315000
14.06.2019,12:36:27,274600.000000,5206.000000,240.270000,234.300000,1311.000000,14702.000000,412.300000,2486.200000,767.200000,41.345000
14.06.2019,12:37:27,274600.000000,5207.000000,240.320000,234.310000,1311.200000,14702.000000,412.350000,2485.000000,767.200000,41.345000
14.06.2019,12:38:27,274625.000000,5205.000000,240.340000,234.270000,1310.600000,14704.000000,412.350000,2486.400000,767.200000,41.330000
14.06.2019,12:39:27,274600.000000,5201.500000,240.200000,234.220000,1311.400000,14708.000000,412.400000,2488.200000,767.600000,41.355000
14.06.2019,12:40:27,274675.000000,5205.000000,240.030000,234.250000,1311.600000,14706.000000,412.350000,2488.400000,767.600000,41.355000
14.06.2019,12:41:27,274600.000000,5204.000000,240.000000,234.120000,1311.800000,14702.000000,412.400000,2488.200000,767.700000,41.350000
14.06.2019,12:42:27,274600.000000,5203.000000,240.110000,234.150000,1311.800000,14704.000000,412.400000,2488.200000,767.900000,41.330000
14.06.2019,12:43:27,274650.000000,5203.500000,240.370000,234.110000,1308.600000,14706.000000,412.400000,2488.400000,768.800000,41.330000
14.06.2019,12:44:27,274575.000000,5200.000000,240.390000,234.100000,1309.800000,14692.000000,412.250000,2488.400000,768.400000,41.315000
14.06.2019,12:45:27,274625.000000,5200.500000,240.450000,234.170000,1309.800000,14694.000000,412.200000,2488.400000,768.400000,41.320000
14.06.2019,12:46:27,274625.000000,5200.500000,240.500000,234.190000,1309.400000,14692.000000,412.250000,2488.400000,768.400000,41.320000
14.06.2019,12:47:27,274675.000000,5199.000000,240.560000,234.180000,1310.000000,14690.000000,412.350000,2487.000000,768.600000,41.340000
14.06.2019,12:48:27,274650.000000,5200.500000,240.520000,234.180000,1310.800000,14690.000000,412.450000,2488.000000,768.900000,41.325000
14.06.2019,12:49:27,274725.000000,5203.000000,240.490000,234.200000,1311.000000,14698.000000,412.400000,2487.000000,769.400000,41.330000
14.06.2019,12:50:27,274725.000000,5202.500000,240.500000,234.160000,1310.600000,14702.000000,412.650000,2488.400000,769.100000,41.330000
14.06.2019,12:51:27,274800.000000,5203.000000,240.760000,234.370000,1311.000000,14702.000000,412.750000,2489.200000,769.400000,41.345000
14.06.2019,12:52:27,274800.000000,5201.000000,241.020000,234.330000,1311.000000,14702.000000,412.800000,2489.200000,769.400000,41.345000
14.06.2019,12:53:27,274825.000000,5200.500000,240.900000,234.360000,1311.000000,14704.000000,413.000000,2489.000000,769.500000,41.340000
14.06.2019,12:54:27,274700.000000,5197.500000,240.800000,234.250000,1311.000000,14702.000000,412.850000,2490.400000,769.500000,41.320000
14.06.2019,12:55:27,274625.000000,5201.500000,240.590000,234.220000,1310.600000,14694.000000,412.550000,2491.800000,769.200000,41.330000
14.06.2019,12:56:27,274675.000000,5200.000000,240.410000,234.220000,1309.800000,14694.000000,412.700000,2490.400000,769.300000,41.320000
14.06.2019,12:57:27,274625.000000,5198.000000,240.460000,234.150000,1310.200000,14690.000000,412.650000,2488.400000,769.300000,41.320000
14.06.2019,12:58:27,274650.000000,5195.500000,240.560000,234.180000,1310.000000,14690.000000,412.700000,2488.400000,769.300000,41.325000
14.06.2019,12:59:28,274625.000000,5194.500000,240.580000,234.170000,1310.000000,14694.000000,412.550000,2490.000000,769.300000,41.305000
14.06.2019,13:00:28,274675.000000,5196.500000,240.580000,234.170000,1310.600000,14698.000000,412.550000,2488.200000,769.500000,41.325000
14.06.2019,13:01:27,274650.000000,5193.500000,240.670000,234.190000,1310.600000,14690.000000,412.450000,2490.400000,769.400000,41.330000
14.06.2019,13:02:28,274675.000000,5196.500000,240.740000,234.210000,1310.000000,14696.000000,412.450000,2489.800000,770.300000,41.330000
14.06.2019,13:03:28,274725.000000,5196.500000,240.710000,234.100000,1311.000000,14700.000000,412.500000,2489.800000,770.700000,41.325000
14.06.2019,13:04:28,274800.000000,5196.500000,240.910000,234.350000,1311.800000,14700.000000,412.650000,2489.400000,770.700000,41.330000
14.06.2019,13:05:28,274800.000000,5196.500000,241.010000,234.380000,1311.800000,14700.000000,412.650000,2487.400000,770.700000,41.305000
14.06.2019,13:06:28,274800.000000,5196.500000,240.770000,234.420000,1311.800000,14700.000000,412.800000,2487.400000,770.900000,41.330000
14.06.2019,13:07:28,274850.000000,5195.000000,240.960000,234.470000,1312.600000,14702.000000,412.750000,2488.000000,770.800000,41.335000
14.06.2019,13:08:28,274850.000000,5195.500000,240.880000,234.450000,1313.600000,14700.000000,412.700000,2487.800000,771.000000,41.335000
14.06.2019,13:09:28,274825.000000,5194.500000,240.970000,234.350000,1313.600000,14698.000000,412.750000,2487.800000,771.000000,41.335000
14.06.2019,13:10:28,274800.000000,5196.000000,240.760000,234.420000,1313.600000,14702.000000,412.750000,2487.000000,771.100000,41.335000
14.06.2019,13:11:28,274725.000000,5192.000000,240.520000,234.220000,1313.400000,14696.000000,412.650000,2486.600000,771.000000,41.305000
14.06.2019,13:12:28,274725.000000,5192.000000,240.430000,234.250000,1313.400000,14702.000000,412.950000,2486.400000,771.100000,41.320000
14.06.2019,13:13:28,274700.000000,5193.500000,240.350000,234.310000,1313.400000,14708.000000,412.950000,2483.000000,771.200000,41.310000
14.06.2019,13:14:28,274700.000000,5193.000000,240.370000,234.370000,1313.000000,14706.000000,412.950000,2483.000000,771.300000,41.340000
14.06.2019,13:15:28,274650.000000,5195.000000,240.300000,234.290000,1313.400000,14710.000000,413.000000,2482.400000,771.100000,41.310000
14.06.2019,13:16:28,274650.000000,5196.500000,240.140000,234.410000,1313.600000,14708.000000,413.200000,2482.400000,771.000000,41.310000
14.06.2019,13:17:28,274725.000000,5195.000000,240.250000,234.310000,1315.000000,14706.000000,413.100000,2482.000000,771.700000,41.330000
14.06.2019,13:18:28,274725.000000,5198.000000,240.300000,234.330000,1315.000000,14710.000000,413.350000,2482.000000,771.500000,41.320000
14.06.2019,13:19:28,274625.000000,5195.500000,240.110000,234.320000,1315.200000,14700.000000,413.250000,2482.000000,771.500000,41.340000
14.06.2019,13:20:28,274625.000000,5197.500000,240.030000,234.300000,1315.000000,14706.000000,413.150000,2482.000000,771.900000,41.335000
14.06.2019,13:21:28,274625.000000,5198.000000,240.000000,234.270000,1314.800000,14700.000000,413.150000,2482.000000,771.800000,41.355000
14.06.2019,13:22:28,274600.000000,5200.000000,240.200000,234.280000,1314.000000,14704.000000,413.100000,2483.000000,771.600000,41.355000
14.06.2019,13:23:28,274625.000000,5199.500000,240.120000,234.300000,1314.200000,14702.000000,412.950000,2483.000000,771.700000,41.335000
14.06.2019,13:24:29,274475.000000,5195.000000,239.800000,234.170000,1315.000000,14692.000000,412.800000,2481.000000,771.600000,41.335000
14.06.2019,13:25:29,274400.000000,5195.500000,239.940000,234.100000,1314.000000,14698.000000,412.700000,2483.000000,771.500000,41.335000
14.06.2019,13:26:29,274550.000000,5200.000000,240.150000,234.150000,1314.000000,14700.000000,412.700000,2483.000000,771.500000,41.315000
14.06.2019,13:27:29,274525.000000,5196.500000,239.880000,234.140000,1314.000000,14702.000000,412.800000,2482.200000,771.500000,41.345000
14.06.2019,13:28:29,274550.000000,5199.500000,239.990000,234.110000,1312.800000,14706.000000,412.850000,2482.400000,771.900000,41.340000
14.06.2019,13:29:28,274525.000000,5198.500000,240.020000,234.120000,1312.800000,14704.000000,413.000000,2483.800000,771.900000,41.350000
14.06.2019,13:30:29,274550.000000,5199.000000,240.000000,234.120000,1312.400000,14700.000000,412.950000,2482.000000,771.600000,41.360000
14.06.2019,13:31:29,274575.000000,5199.000000,240.110000,234.120000,1313.400000,14710.000000,413.050000,2484.000000,771.400000,41.365000
14.06.2019,13:32:29,274600.000000,5198.500000,240.310000,234.160000,1313.400000,14714.000000,413.100000,2483.000000,771.500000,41.365000
14.06.2019,13:33:29,274650.000000,5204.000000,240.380000,234.230000,1313.400000,14714.000000,413.050000,2482.600000,770.900000,41.340000
14.06.2019,13:34:29,274775.000000,5204.500000,240.390000,234.340000,1313.000000,14712.000000,413.100000,2484.600000,771.300000,41.375000
14.06.2019,13:35:29,274750.000000,5200.500000,240.600000,234.370000,1312.400000,14714.000000,413.000000,2487.800000,771.200000,41.375000
14.06.2019,13:36:29,274750.000000,5201.500000,240.600000,234.320000,1311.200000,14710.000000,413.150000,2488.000000,770.800000,41.375000
14.06.2019,13:37:29,274750.000000,5200.500000,240.850000,234.310000,1312.200000,14710.000000,413.150000,2488.600000,771.200000,41.375000
14.06.2019,13:38:29,274750.000000,5200.000000,240.850000,234.310000,1312.200000,14702.000000,413.100000,2485.800000,770.700000,41.360000
14.06.2019,13:39:29,274750.000000,5200.500000,240.610000,234.310000,1312.200000,14704.000000,412.950000,2485.800000,770.700000,41.375000
14.06.2019,13:40:29,274750.000000,5197.000000,240.690000,234.310000,1311.400000,14702.000000,412.950000,2488.800000,770.800000,41.375000
14.06.2019,13:41:29,274750.000000,5199.000000,240.810000,234.370000,1311.800000,14702.000000,412.850000,2488.800000,770.500000,41.375000
14.06.2019,13:42:29,274800.000000,5198.000000,240.870000,234.460000,1311.400000,14706.000000,412.850000,2489.200000,771.300000,41.375000
14.06.2019,13:43:29,274800.000000,5203.000000,240.910000,234.130000,1311.800000,14702.000000,412.800000,2487.600000,771.500000,41.375000
14.06.2019,13:44:29,274700.000000,5200.000000,240.590000,234.180000,1311.600000,14704.000000,412.900000,2489.200000,771.300000,41.370000
14.06.2019,13:45:29,274650.000000,5198.500000,240.560000,234.150000,1311.400000,14700.000000,412.850000,2489.800000,770.600000,41.370000
14.06.2019,13:46:30,274675.000000,5200.000000,240.330000,234.170000,1312.000000,14702.000000,412.900000,2490.000000,771.100000,41.370000
14.06.2019,13:47:29,274600.000000,5198.500000,240.000000,234.170000,1312.000000,14704.000000,412.900000,2488.000000,771.000000,41.375000
14.06.2019,13:48:29,274525.000000,5199.000000,240.060000,234.100000,1312.000000,14704.000000,412.950000,2486.200000,770.900000,41.380000
14.06.2019,13:49:30,274550.000000,5201.000000,240.180000,234.240000,1312.000000,14702.000000,413.000000,2486.200000,770.900000,41.380000
14.06.2019,13:50:30,274550.000000,5201.000000,240.250000,234.130000,1311.200000,14692.000000,412.950000,2486.200000,770.900000,41.375000
14.06.2019,13:51:30,274600.000000,5200.500000,240.330000,234.120000,1311.400000,14686.000000,413.000000,2488.200000,771.000000,41.375000
14.06.2019,13:52:30,274475.000000,5198.000000,240.010000,234.110000,1311.000000,14682.000000,412.800000,2488.200000,770.500000,41.385000
14.06.2019,13:53:30,274500.000000,5198.000000,240.110000,234.140000,1311.000000,14682.000000,412.800000,2489.400000,770.700000,41.385000
14.06.2019,13:54:30,274550.000000,5199.500000,240.200000,234.240000,1311.000000,14688.000000,412.750000,2491.000000,771.100000,41.390000
14.06.2019,13:55:30,274650.000000,5199.500000,240.180000,234.220000,1311.000000,14686.000000,412.900000,2491.600000,771.300000,41.380000
14.06.2019,13:56:30,274600.000000,5200.500000,240.010000,234.160000,1311.000000,14680.000000,412.900000,2492.200000,771.000000,41.370000
14.06.2019,13:57:30,274625.000000,5198.500000,240.260000,234.260000,1311.000000,14684.000000,412.900000,2492.000000,771.100000,41.385000
14.06.2019,13:58:30,274600.000000,5200.500000,240.110000,234.250000,1311.000000,14672.000000,412.950000,2492.000000,771.100000,41.360000
14.06.2019,13:59:30,274575.000000,5199.500000,240.030000,234.220000,1311.000000,14674.000000,412.700000,2492.000000,770.500000,41.390000
14.06.2019,14:21:36,274425.000000,5203.000000,238.750000,234.210000,1311.800000,14704.000000,412.750000,2491.400000,770.800000,41.395000
14.06.2019,14:22:36,274450.000000,5201.000000,238.790000,234.190000,1311.800000,14704.000000,412.500000,2491.400000,771.000000,41.395000
14.06.2019,14:23:36,274400.000000,5201.000000,238.540000,234.200000,1311.800000,14714.000000,412.500000,2489.800000,771.000000,41.405000
14.06.2019,14:24:37,274450.000000,5203.000000,238.640000,234.200000,1312.000000,14708.000000,412.400000,2493.000000,771.400000,41.405000
14.06.2019,14:25:37,274425.000000,5201.500000,238.770000,234.300000,1311.600000,14710.000000,412.300000,2494.200000,770.900000,41.405000
14.06.2019,14:26:37,274500.000000,5199.000000,238.980000,234.380000,1311.800000,14712.000000,412.350000,2493.800000,770.900000,41.400000
14.06.2019,14:27:37,274525.000000,5199.000000,239.000000,234.450000,1311.400000,14710.000000,412.250000,2493.800000,770.900000,41.395000
14.06.2019,14:28:37,274525.000000,5201.500000,238.970000,234.420000,1311.000000,14708.000000,412.450000,2493.800000,770.900000,41.395000
14.06.2019,14:29:37,274425.000000,5199.000000,238.930000,234.230000,1311.000000,14698.000000,412.400000,2493.800000,770.900000,41.375000
14.06.2019,14:30:36,274400.000000,5197.000000,238.900000,234.260000,1311.000000,14694.000000,412.450000,2492.400000,770.900000,41.380000
14.06.2019,14:31:37,274425.000000,5198.000000,238.810000,234.150000,1310.800000,14698.000000,412.450000,2491.600000,770.800000,41.365000
14.06.2019,14:32:37,274375.000000,5196.000000,238.790000,233.970000,1311.000000,14696.000000,412.400000,2493.400000,770.900000,41.365000
14.06.2019,14:33:37,274350.000000,5196.000000,238.710000,234.070000,1311.000000,14698.000000,412.650000,2493.400000,770.600000,41.380000
14.06.2019,14:34:37,274350.000000,5196.500000,238.830000,234.050000,1310.800000,14698.000000,412.400000,2493.400000,770.500000,41.370000
14.06.2019,14:35:37,274350.000000,5197.000000,238.830000,234.160000,1310.800000,14698.000000,412.450000,2493.800000,770.500000,41.365000
14.06.2019,14:36:37,274400.000000,5198.500000,238.920000,234.120000,1311.000000,14702.000000,412.400000,2492.600000,770.700000,41.385000
14.06.2019,14:37:37,274400.000000,5195.000000,238.870000,234.030000,1311.000000,14700.000000,412.300000,2494.000000,770.700000,41.395000
14.06.2019,14:38:37,274375.000000,5196.500000,238.890000,234.140000,1311.000000,14690.000000,412.250000,2494.800000,771.300000,41.390000
14.06.2019,14:39:37,274375.000000,5198.000000,238.880000,234.040000,1310.800000,14696.000000,412.200000,2493.000000,771.400000,41.370000
14.06.2019,14:40:37,274300.000000,5198.000000,238.620000,233.910000,1310.800000,14698.000000,412.100000,2494.800000,771.300000,41.390000
14.06.2019,14:41:37,274225.000000,5198.000000,238.600000,234.000000,1309.200000,14690.000000,412.100000,2493.000000,771.100000,41.380000
14.06.2019,14:42:37,274275.000000,5199.500000,238.780000,234.070000,1309.000000,14688.000000,412.050000,2492.000000,771.300000,41.390000
14.06.2019,14:43:37,274250.000000,5200.000000,238.660000,233.980000,1311.000000,14690.000000,412.100000,2492.000000,771.300000,41.390000
14.06.2019,14:44:37,274275.000000,5200.000000,238.930000,233.960000,1310.200000,14692.000000,412.050000,2490.200000,771.300000,41.385000
14.06.2019,14:45:37,274275.000000,5199.000000,238.900000,233.960000,1310.200000,14690.000000,412.000000,2490.200000,771.800000,41.370000
14.06.2019,14:46:37,274375.000000,5202.000000,239.040000,233.980000,1310.200000,14690.000000,411.850000,2492.200000,772.100000,41.380000
14.06.2019,14:47:37,274350.000000,5201.500000,239.120000,233.940000,1310.200000,14694.000000,411.650000,2491.600000,772.100000,41.370000
14.06.2019,14:48:37,274400.000000,5201.500000,239.160000,233.930000,1310.200000,14696.000000,411.650000,2491.600000,772.300000,41.380000
14.06.2019,14:49:37,274425.000000,5200.500000,239.400000,233.900000,1310.600000,14692.000000,411.750000,2492.200000,772.200000,41.375000
14.06.2019,14:50:37,274425.000000,5200.500000,239.270000,233.940000,1310.600000,14694.000000,411.600000,2492.200000,771.300000,41.370000
14.06.2019,14:51:37,274425.000000,5201.500000,239.270000,233.970000,1310.600000,14690.000000,411.650000,2490.000000,771.200000,41.370000
14.06.2019,14:52:38,274325.000000,5202.000000,239.200000,233.880000,1310.600000,14696.000000,411.650000,2492.000000,771.000000,41.370000
14.06.2019,14:53:38,274300.000000,5203.500000,239.220000,233.910000,1310.600000,14692.000000,411.650000,2490.000000,771.000000,41.370000
14.06.2019,14:54:37,274350.000000,5204.500000,239.340000,233.980000,1310.600000,14694.000000,411.600000,2491.800000,771.000000,41.390000
14.06.2019,14:55:38,274350.000000,5204.000000,239.370000,233.970000,1310.600000,14692.000000,411.550000,2490.000000,771.300000,41.385000
14.06.2019,14:56:38,274350.000000,5204.500000,239.270000,233.980000,1310.200000,14692.000000,411.600000,2490.000000,770.500000,41.370000
14.06.2019,14:57:38,274275.000000,5202.000000,239.090000,233.950000,1310.400000,14686.000000,411.700000,2490.800000,770.400000,41.385000
14.06.2019,14:58:38,274325.000000,5201.500000,239.290000,233.970000,1310.000000,14688.000000,411.750000,2489.400000,770.500000,41.370000
14.06.2019,14:59:38,274325.000000,5203.000000,239.360000,234.000000,1310.600000,14688.000000,411.700000,2489.400000,770.800000,41.370000
14.06.2019,15:00:38,274100.000000,5200.000000,238.720000,233.800000,1309.600000,14678.000000,411.550000,2488.000000,769.800000,41.380000
14.06.2019,15:01:38,274150.000000,5202.000000,238.800000,233.890000,1309.400000,14676.000000,411.500000,2488.000000,769.800000,41.380000
14.06.2019,15:02:39,274250.000000,5204.500000,238.880000,233.810000,1309.800000,14678.000000,411.650000,2488.000000,769.800000,41.380000
14.06.2019,15:03:39,274200.000000,5204.500000,239.090000,233.810000,1310.000000,14680.000000,411.650000,2488.000000,769.500000,41.380000
14.06.2019,15:04:39,274225.000000,5203.500000,239.140000,233.830000,1310.000000,14684.000000,411.650000,2483.200000,769.500000,41.390000
14.06.2019,15:05:39,274225.000000,5202.500000,239.100000,234.000000,1310.000000,14680.000000,411.600000,2483.000000,769.400000,41.390000
14.06.2019,15:06:39,274150.000000,5202.000000,238.910000,233.840000,1310.000000,14680.000000,411.500000,2484.200000,769.300000,41.390000
14.06.2019,15:07:39,274100.000000,5201.000000,238.950000,233.840000,1309.400000,14676.000000,411.500000,2481.800000,769.100000,41.390000
14.06.2019,15:08:39,273975.000000,5200.000000,238.820000,233.750000,1309.000000,14674.000000,411.400000,2480.200000,768.700000,41.375000
14.06.2019,15:09:39,274050.000000,5200.000000,238.810000,233.710000,1309.400000,14672.000000,411.600000,2480.200000,768.500000,41.370000
14.06.2019,15:10:39,273975.000000,5200.000000,238.750000,233.580000,1309.400000,14670.000000,411.500000,2482.600000,768.600000,41.375000
14.06.2019,15:11:39,274050.000000,5199.000000,239.000000,233.680000,1309.400000,14684.000000,411.600000,2482.400000,768.500000,41.375000
14.06.2019,15:12:39,274150.000000,5203.000000,239.180000,233.610000,1309.800000,14680.000000,411.600000,2482.600000,768.500000,41.370000
14.06.2019,15:13:39,273975.000000,5201.000000,238.900000,233.300000,1309.800000,14680.000000,411.550000,2483.400000,768.200000,41.370000
14.06.2019,15:14:39,273875.000000,5199.500000,238.770000,233.140000,1309.800000,14674.000000,411.400000,2483.800000,768.200000,41.370000
14.06.2019,15:15:39,273625.000000,5198.000000,238.280000,232.780000,1308.800000,14662.000000,411.300000,2482.600000,767.200000,41.365000
14.06.2019,15:16:39,273600.000000,5198.500000,238.250000,232.600000,1308.000000,14662.000000,411.250000,2481.200000,767.200000,41.375000
14.06.2019,15:17:40,273600.000000,5198.500000,238.180000,232.770000,1308.000000,14660.000000,411.250000,2481.600000,768.000000,41.365000
14.06.2019,15:18:40,273650.000000,5200.500000,238.370000,232.750000,1307.200000,14660.000000,411.200000,2481.400000,768.000000,41.360000
14.06.2019,15:19:40,273750.000000,5202.500000,238.410000,233.070000,1307.200000,14670.000000,411.250000,2481.400000,767.900000,41.380000
14.06.2019,15:20:40,273850.000000,5203.000000,238.600000,233.290000,1307.200000,14670.000000,411.150000,2480.400000,768.500000,41.370000
14.06.2019,15:21:40,273825.000000,5202.000000,238.740000,233.190000,1307.200000,14670.000000,411.250000,2481.000000,768.500000,41.370000
14.06.2019,15:22:40,273800.000000,5202.000000,238.690000,233.160000,1309.200000,14668.000000,411.200000,2481.000000,768.600000,41.350000
14.06.2019,15:23:40,273800.000000,5202.500000,238.820000,233.200000,1308.600000,14668.000000,411.250000,2481.000000,768.800000,41.350000
14.06.2019,15:24:40,273950.000000,5202.000000,239.110000,233.470000,1309.800000,14668.000000,411.300000,2482.400000,768.800000,41.365000
14.06.2019,15:25:40,273975.000000,5203.500000,239.140000,233.480000,1309.000000,14670.000000,411.400000,2481.000000,769.600000,41.360000
14.06.2019,15:26:40,273950.000000,5202.000000,239.070000,233.430000,1309.000000,14672.000000,411.350000,2481.000000,770.100000,41.355000
14.06.2019,15:27:40,273900.000000,5204.000000,239.060000,233.250000,1309.000000,14670.000000,411.450000,2481.000000,770.400000,41.360000
14.06.2019,15:28:40,273875.000000,5202.000000,239.000000,233.190000,1308.600000,14670.000000,411.750000,2481.000000,770.100000,41.355000
14.06.2019,15:29:40,274000.000000,5204.500000,239.090000,233.490000,1309.400000,14670.000000,412.150000,2482.400000,770.100000,41.360000
14.06.2019,15:30:40,274050.000000,5206.000000,239.220000,233.220000,1308.800000,14670.000000,412.000000,2483.200000,770.700000,41.350000
14.06.2019,15:31:40,274050.000000,5206.500000,239.300000,233.240000,1309.200000,14676.000000,412.100000,2483.400000,770.800000,41.365000
14.06.2019,15:32:40,274200.000000,5206.500000,239.390000,233.420000,1310.600000,14676.000000,412.550000,2483.400000,770.500000,41.365000
14.06.2019,15:33:40,274125.000000,5206.000000,239.420000,233.440000,1310.400000,14678.000000,412.400000,2483.000000,770.300000,41.365000
14.06.2019,15:34:40,274225.000000,5207.000000,239.210000,233.350000,1310.400000,14680.000000,412.400000,2484.000000,770.100000,41.365000
14.06.2019,15:35:40,274125.000000,5207.000000,239.130000,233.370000,1310.400000,14680.000000,412.200000,2484.000000,770.200000,41.365000
14.06.2019,15:36:40,274100.000000,5204.500000,239.260000,233.330000,1309.400000,14680.000000,412.100000,2483.000000,770.400000,41.380000
14.06.2019,15:37:40,274075.000000,5202.000000,239.100000,233.310000,1309.000000,14680.000000,412.100000,2484.400000,770.400000,41.380000
14.06.2019,15:38:40,274000.000000,5202.500000,239.130000,233.290000,1309.000000,14678.000000,412.000000,2485.000000,770.200000,41.375000
14.06.2019,15:39:41,274000.000000,5202.000000,239.080000,233.210000,1310.600000,14674.000000,411.650000,2485.000000,770.100000,41.375000
14.06.2019,15:40:41,274075.000000,5204.500000,239.100000,233.320000,1310.600000,14676.000000,411.950000,2485.000000,770.100000,41.380000
14.06.2019,15:41:41,274050.000000,5206.000000,239.160000,233.400000,1310.600000,14674.000000,412.100000,2485.000000,770.300000,41.375000
14.06.2019,15:42:41,274075.000000,5206.500000,239.190000,233.450000,1310.200000,14674.000000,412.100000,2485.000000,770.700000,41.380000
14.06.2019,15:43:41,274025.000000,5207.000000,239.150000,233.400000,1310.000000,14678.000000,412.150000,2485.000000,770.800000,41.375000
14.06.2019,15:44:41,274025.000000,5205.500000,239.030000,233.310000,1310.400000,14678.000000,412.000000,2485.800000,770.800000,41.365000
14.06.2019,15:45:41,273950.000000,5205.500000,239.000000,233.280000,1310.000000,14670.000000,412.100000,2484.400000,770.200000,41.385000
14.06.2019,15:46:41,273875.000000,5203.500000,239.000000,233.000000,1309.800000,14662.000000,412.000000,2484.400000,768.900000,41.345000
14.06.2019,15:47:41,273850.000000,5205.000000,239.080000,233.050000,1310.400000,14660.000000,411.850000,2484.400000,768.500000,41.345000
14.06.2019,15:48:41,273850.000000,5205.500000,239.100000,233.100000,1310.400000,14658.000000,411.950000,2484.400000,768.500000,41.345000
14.06.2019,15:49:41,273850.000000,5205.500000,238.880000,233.070000,1310.200000,14656.000000,411.850000,2484.400000,768.900000,41.340000
14.06.2019,15:50:41,273750.000000,5205.500000,238.730000,232.890000,1310.200000,14658.000000,411.650000,2484.400000,768.600000,41.330000
14.06.2019,15:51:41,273775.000000,5205.500000,238.940000,233.000000,1310.600000,14658.000000,411.700000,2485.600000,769.000000,41.350000
14.06.2019,15:52:41,273800.000000,5205.000000,238.900000,233.050000,1311.000000,14658.000000,411.750000,2484.400000,769.000000,41.310000
14.06.2019,15:53:41,273775.000000,5205.500000,238.800000,233.090000,1311.000000,14654.000000,411.650000,2484.400000,769.100000,41.320000
14.06.2019,15:54:41,273625.000000,5203.500000,238.840000,233.010000,1307.200000,14640.000000,411.550000,2484.400000,768.900000,41.320000
14.06.2019,15:55:41,273675.000000,5204.000000,238.810000,232.940000,1307.200000,14644.000000,411.400000,2484.400000,768.900000,41.330000
14.06.2019,15:56:42,273675.000000,5205.000000,238.780000,232.990000,1308.200000,14638.000000,411.400000,2484.400000,769.400000,41.345000
14.06.2019,15:57:42,273700.000000,5204.500000,238.890000,232.920000,1308.600000,14642.000000,411.600000,2484.400000,769.400000,41.350000
14.06.2019,15:58:42,273625.000000,5204.500000,238.670000,232.780000,1308.600000,14640.000000,411.500000,2485.400000,769.100000,41.350000
14.06.2019,15:59:42,273625.000000,5204.000000,238.820000,232.960000,1308.200000,14636.000000,411.500000,2485.400000,769.200000,41.345000
14.06.2019,16:00:42,273650.000000,5204.000000,238.660000,232.980000,1308.400000,14630.000000,411.550000,2484.400000,768.900000,41.320000
14.06.2019,16:01:42,273525.000000,5206.000000,238.610000,232.850000,1308.200000,14628.000000,411.500000,2484.400000,768.900000,41.340000
14.06.2019,16:02:42,273525.000000,5204.500000,238.630000,232.650000,1307.800000,14622.000000,411.400000,2484.400000,768.800000,41.340000
14.06.2019,16:03:42,273525.000000,5204.500000,238.560000,232.600000,1308.600000,14630.000000,411.250000,2484.400000,768.800000,41.315000
14.06.2019,16:04:42,273500.000000,5204.000000,238.600000,232.660000,1307.800000,14614.000000,411.300000,2485.000000,769.300000,41.325000
14.06.2019,16:05:42,273450.000000,5203.500000,238.580000,232.720000,1306.600000,14620.000000,411.350000,2485.400000,769.000000,41.310000
14.06.2019,16:06:42,273550.000000,5204.000000,238.580000,232.600000,1306.600000,14620.000000,411.350000,2484.400000,769.000000,41.335000
14.06.2019,16:07:42,273575.000000,5204.000000,238.610000,232.600000,1307.600000,14616.000000,411.500000,2485.000000,770.000000,41.335000
14.06.2019,16:08:42,273625.000000,5204.500000,238.740000,232.620000,1309.000000,14616.000000,411.500000,2485.200000,769.800000,41.330000
14.06.2019,16:09:42,273575.000000,5204.000000,238.680000,232.450000,1309.000000,14618.000000,411.550000,2485.200000,769.800000,41.335000
14.06.2019,16:10:42,273575.000000,5203.500000,238.600000,232.420000,1308.000000,14622.000000,411.600000,2485.400000,769.700000,41.330000
14.06.2019,16:11:42,273500.000000,5204.000000,238.340000,232.430000,1308.000000,14620.000000,411.700000,2485.400000,769.700000,41.330000
14.06.2019,16:12:42,273550.000000,5205.000000,238.570000,232.500000,1306.600000,14616.000000,411.600000,2484.400000,769.700000,41.330000
14.06.2019,16:13:42,273625.000000,5204.000000,238.460000,232.660000,1307.800000,14612.000000,411.800000,2484.400000,770.200000,41.340000
14.06.2019,16:14:42,273625.000000,5204.000000,238.650000,232.750000,1308.400000,14616.000000,411.750000,2485.000000,770.200000,41.340000
14.06.2019,16:15:42,273475.000000,5204.500000,238.370000,232.560000,1308.200000,14618.000000,411.650000,2485.000000,770.200000,41.330000
14.06.2019,16:16:42,273425.000000,5203.500000,238.080000,232.450000,1307.200000,14616.000000,411.650000,2484.400000,769.900000,41.315000
14.06.2019,16:17:42,273450.000000,5205.000000,238.090000,232.530000,1307.200000,14616.000000,411.550000,2484.400000,769.600000,41.315000
14.06.2019,16:18:43,273450.000000,5204.000000,238.150000,232.510000,1307.400000,14616.000000,411.500000,2484.400000,769.300000,41.305000
14.06.2019,16:19:43,273450.000000,5204.500000,238.220000,232.640000,1307.400000,14610.000000,411.550000,2484.400000,769.700000,41.315000
14.06.2019,16:20:43,273450.000000,5203.000000,237.970000,232.550000,1307.400000,14624.000000,411.650000,2484.400000,769.600000,41.310000
14.06.2019,16:21:42,273450.000000,5202.000000,237.950000,232.580000,1307.400000,14626.000000,411.600000,2484.400000,769.600000,41.335000
14.06.2019,16:22:43,273450.000000,5204.000000,237.980000,232.630000,1307.400000,14630.000000,411.650000,2484.800000,769.700000,41.280000
14.06.2019,16:23:43,273400.000000,5202.000000,237.810000,232.470000,1307.200000,14616.000000,411.550000,2485.600000,769.500000,41.310000
14.06.2019,16:24:43,273375.000000,5202.000000,238.130000,232.590000,1307.200000,14620.000000,411.650000,2484.400000,769.100000,41.345000
14.06.2019,16:25:43,273375.000000,5200.000000,238.190000,232.550000,1307.000000,14620.000000,411.600000,2484.600000,769.600000,41.325000
14.06.2019,16:26:43,273450.000000,5202.000000,238.480000,232.710000,1306.400000,14618.000000,411.600000,2484.600000,769.400000,41.325000
14.06.2019,16:27:43,273475.000000,5201.500000,238.170000,232.690000,1306.400000,14618.000000,411.700000,2485.400000,769.800000,41.325000
14.06.2019,16:28:43,273400.000000,5200.000000,238.200000,232.710000,1305.600000,14622.000000,411.700000,2484.400000,768.900000,41.300000
14.06.2019,16:29:43,273300.000000,5201.000000,238.140000,232.570000,1306.000000,14612.000000,411.400000,2484.400000,768.000000,41.290000
14.06.2019,16:30:43,273325.000000,5200.000000,238.180000,232.580000,1304.200000,14606.000000,411.200000,2484.400000,766.900000,41.295000
14.06.2019,16:31:43,273175.000000,5197.500000,237.890000,232.500000,1306.800000,14610.000000,411.100000,2484.800000,766.800000,41.295000
14.06.2019,16:32:43,273100.000000,5195.000000,237.870000,232.550000,1306.000000,14604.000000,411.150000,2486.600000,766.900000,41.260000
14.06.2019,16:33:43,273100.000000,5194.500000,237.800000,232.520000,1304.400000,14572.000000,411.100000,2488.400000,766.900000,41.260000
14.06.2019,16:34:43,273000.000000,5192.500000,237.860000,232.540000,1303.000000,14572.000000,411.050000,2480.800000,766.100000,41.265000
